TABLE 6.1 2026 SE Questionnaire (embedded fixed- ZOU687WS.TXT  Mar 02 2026 13:09
INPUT: 49 PERSON  18 ITEM  REPORTED: 49 PERSON  18 ITEM  5 CATS WINSTEPS 5.10.0.0
---------------------------------------------------------------------------------
PERSON: REAL SEP.: 2.35  REL.: .85 ... ITEM: REAL SEP.: 4.61  REL.: .96
 
         PERSON STATISTICS:  MISFIT ORDER
 
--------------------------------------------------------------------------------------------
|ENTRY   TOTAL  TOTAL    JMLE   MODEL|   INFIT  |  OUTFIT  |PTMEASUR-AL|EXACT MATCH|       |
|NUMBER  SCORE  COUNT  MEASURE  S.E. |MNSQ  ZSTD|MNSQ  ZSTD|CORR.  EXP.| OBS%  EXP%| PERSON|
|------------------------------------+----------+----------+-----------+-----------+-------|
|    26     73     18    1.96     .39|5.73  6.40|5.72  6.54|A .22   .49| 16.7  62.8| P026  |
|    39     73     18    1.96     .39|3.73  4.50|3.66  4.52|B-.03   .49| 27.8  62.8| P039  |
|    22     71     18    1.66     .38|2.99  3.63|2.94  3.62|C .20   .50| 44.4  62.5| P022  |
|    49     46     18    -.91     .30|2.35  3.33|2.30  3.19|D .75   .61| 16.7  45.5| P049  |
|    36     71     18    1.66     .38|1.93  2.08|1.78  1.84|E .29   .50| 38.9  62.5| P036  |
|    21     34     18   -2.10     .34|1.91  2.28|1.67  1.75|F .60   .61| 44.4  51.4| P021  |
|    34     82     18    3.59     .47|1.56  1.63|1.29   .79|G .58   .39| 72.2  65.0| P034  |
|    25     40     18   -1.47     .31|1.40  1.22|1.30   .97|H .60   .62| 27.8  48.8| P025  |
|    46     60     18     .36     .32|1.35  1.10|1.31   .98|I .72   .56| 55.6  47.0| P046  |
|    48     70     18    1.52     .37|1.34   .95|1.24   .72|J .49   .51| 50.0  60.9| P048  |
|     7     51     18    -.47     .30|1.20   .72|1.29   .96|K .75   .59| 16.7  46.1| P007  |
|    47     67     18    1.13     .35|1.15   .51|1.23   .73|L .51   .53| 33.3  58.0| P047  |
|    16     65     18     .90     .34|1.19   .64|1.16   .56|M .72   .54| 55.6  54.7| P016  |
|    45     54     18    -.20     .30|1.10   .43|1.14   .52|N .34   .58| 38.9  47.0| P045  |
|     2     55     18    -.11     .30| .94  -.09|1.01   .13|O .54   .58| 38.9  46.7| P002  |
|     4     70     18    1.52     .37| .89  -.18|1.00   .11|P .59   .51| 61.1  60.9| P004  |
|     1     59     18     .27     .31| .95  -.04| .95  -.07|Q .51   .56| 44.4  47.3| P001  |
|    12     54     18    -.20     .30| .94  -.11| .92  -.18|R .72   .58| 50.0  47.0| P012  |
|    31     53     18    -.29     .30| .91  -.22| .85  -.39|S .62   .58| 44.4  47.1| P031  |
|     9     58     17     .49     .33| .78  -.60| .88  -.24|T .28   .56| 41.2  47.6| P009  |
|    28     51     18    -.47     .30| .77  -.72| .87  -.34|U .81   .59| 38.9  46.1| P028  |
|    32     56     18    -.02     .30| .81  -.56| .77  -.70|V .64   .57| 44.4  46.0| P032  |
|    19     58     18     .17     .31| .71  -.92| .79  -.60|W .37   .57| 44.4  45.9| P019  |
|    23     56     18    -.02     .30| .73  -.88| .77  -.69|X .47   .57| 44.4  46.0| P023  |
|    13     60     18     .36     .32| .67 -1.07| .74  -.76|Y .65   .56| 55.6  47.0| P013  |
|    44     61     18     .47     .32| .73  -.82| .69  -.96|x .47   .55| 55.6  46.5| P044  |
|    30     47     18    -.82     .30| .69 -1.05| .67 -1.09|w .81   .60| 44.4  45.4| P030  |
|    24     54     18    -.20     .30| .57 -1.59| .66 -1.16|v .80   .58| 61.1  47.0| P024  |
|    11     66     18    1.01     .34| .61 -1.16| .65 -1.00|u .29   .53| 61.1  56.9| P011  |
|    20     64     18     .78     .33| .65 -1.06| .63 -1.14|t .68   .54| 83.3  52.8| P020  |
|    43     66     18    1.01     .34| .64 -1.04| .62 -1.14|s .79   .53| 77.8  56.9| P043  |
|    29     62     18     .57     .32| .61 -1.26| .63 -1.16|r .51   .55| 50.0  48.4| P029  |
|    37     71     18    1.66     .38| .63 -1.01| .49 -1.58|q .81   .50| 83.3  62.5| P037  |
|     6     64     18     .78     .33| .62 -1.18| .59 -1.28|p .45   .54| 50.0  52.8| P006  |
|    15     72     18    1.81     .38| .60 -1.13| .61 -1.11|o .60   .50| 77.8  62.9| P015  |
|    35     52     18    -.38     .30| .60 -1.44| .59 -1.48|n .55   .59| 66.7  46.2| P035  |
|    41     66     18    1.01     .34| .57 -1.34| .59 -1.24|m .44   .53| 72.2  56.9| P041  |
|     5     68     18    1.26     .36| .58 -1.26| .50 -1.60|l .75   .52| 72.2  58.7| P005  |
|    38     60     18     .36     .32| .56 -1.53| .55 -1.59|k .62   .56| 66.7  47.0| P038  |
|    14     47     18    -.82     .30| .47 -2.07| .55 -1.65|j .51   .60| 55.6  45.4| P014  |
|    42     51     18    -.47     .30| .55 -1.67| .55 -1.66|i .79   .59| 50.0  46.1| P042  |
|    40     68     18    1.26     .36| .51 -1.52| .54 -1.43|h .70   .52| 61.1  58.7| P040  |
|     3     59     18     .27     .31| .47 -1.97| .49 -1.89|g .59   .56| 50.0  47.3| P003  |
|    10     67     18    1.13     .35| .41 -2.05| .46 -1.79|f .46   .53| 77.8  58.0| P010  |
|    27     59     17     .62     .34| .40 -2.19| .42 -2.09|e .62   .56| 64.7  48.4| P027  |
|     8     68     18    1.26     .36| .35 -2.31| .31 -2.55|d .75   .52| 83.3  58.7| P008  |
|    17     65     18     .90     .34| .30 -2.74| .33 -2.53|c .62   .54| 83.3  54.7| P017  |
|    18     65     18     .90     .34| .30 -2.74| .33 -2.53|b .62   .54| 83.3  54.7| P018  |
|    33     71     18    1.66     .38| .27 -2.70| .28 -2.64|a .79   .50| 94.4  62.5| P033  |
|------------------------------------+----------+----------+-----------+-----------+-------|
| MEAN    60.8   18.0     .56     .34|1.04  -.30|1.03  -.29|           | 54.5  52.6|       |
| P.SD     9.3     .2    1.01     .03| .95  1.88| .93  1.83|           | 18.7   6.6|       |
--------------------------------------------------------------------------------------------
 
TABLE 6.4 2026 SE Questionnaire (embedded fixed- ZOU687WS.TXT  Mar 02 2026 13:09
INPUT: 49 PERSON  18 ITEM  REPORTED: 49 PERSON  18 ITEM  5 CATS WINSTEPS 5.10.0.0
---------------------------------------------------------------------------------
 
MOST MISFITTING RESPONSE STRINGS
         |ITEM
         |1111 11   1 1
OUTMNSQ  |642331857204761  PERSON
      high---------------
   5.72 A|.....1.21.....5 26 P026
   3.66 B|.322.........55 39 P039
   2.94 C|..22........5.5 22 P022
   2.30 D|.....5......... 49 P049
   1.78 E|...........2.5. 36 P036
   1.67 F|....4.4........ 21 P021
   1.29 G|..............2 34 P034
   1.30 H|.....4......... 25 P025
   1.31 I|.....5......1.. 46 P046
   1.24 J|...........5... 48 P048
   1.16 M|.........2..... 16 P016
   1.01 O|.2.............  2 P002
    .95 Q|...2...........  1 P001
    .92 R|.5............. 12 P012
    .88 T|3..............  9 P009
    .74 Y|3.............. 13 P013
         |---------------low
         |111131157214161
         |6423 18   0 7
 
TABLE 6.5 2026 SE Questionnaire (embedded fixed- ZOU687WS.TXT  Mar 02 2026 13:09
INPUT: 49 PERSON  18 ITEM  REPORTED: 49 PERSON  18 ITEM  5 CATS WINSTEPS 5.10.0.0
---------------------------------------------------------------------------------
 
MOST UNEXPECTED RESPONSES
         |ITEM
         |1111 11   1 1
MEASURE  |642331857204761  PERSON
      high---------------
   3.59 G|..............2 34 P034
   1.96 A|.....1.21.....5 26 P026
   1.96 B|.322.........55 39 P039
   1.66 C|..22........5.5 22 P022
   1.66 E|...........2.5. 36 P036
   1.52 J|...........5... 48 P048
   1.01 s|..........2.... 43 P043
    .90 M|.........2..... 16 P016
    .49 T|3..............  9 P009
    .36 Y|3.............. 13 P013
    .36 I|.....5......1.. 46 P046
    .27 Q|...2...........  1 P001
   -.11 O|.2.............  2 P002
   -.20 R|.5............. 12 P012
   -.91 D|.....5......... 49 P049
  -1.47 H|.....4......... 25 P025
  -2.10 F|....4.4........ 21 P021
         |---------------low
         |111131157214161
         |6423 18   0 7
 
TABLE 6.6 2026 SE Questionnaire (embedded fixed- ZOU687WS.TXT  Mar 02 2026 13:09
INPUT: 49 PERSON  18 ITEM  REPORTED: 49 PERSON  18 ITEM  5 CATS WINSTEPS 5.10.0.0
---------------------------------------------------------------------------------
 
MOST UNEXPECTED RESPONSES
 
--------------------------------------------------------------------------------------
| DATA |OBSERVED|EXPECTED|RESIDUAL|ST. RES.|MEASDIFF| ITEM  | PERSON | ITEM  | PERSON|
|------+--------+--------+--------+--------+--------+-------+--------+-------+-------|
|    1 |      1 |   4.11 |  -3.11 |  -5.34 |   2.02 |    11 |     26 | SEQ11 | P026  |
|    1 |      1 |   4.05 |  -3.05 |  -5.20 |   1.86 |     7 |     26 | SEQ7  | P026  |
|    2 |      2 |   4.23 |  -2.23 |  -3.90 |   2.40 |    12 |     39 | SEQ12 | P039  |
|    2 |      2 |   4.19 |  -2.19 |  -3.81 |   2.27 |    13 |     39 | SEQ13 | P039  |
|    2 |      2 |   4.13 |  -2.13 |  -3.69 |   2.10 |    12 |     22 | SEQ12 | P022  |
|    2 |      2 |   4.12 |  -2.12 |  -3.65 |   2.05 |     1 |     34 | SEQ1  | P034  |
|    2 |      2 |   4.09 |  -2.09 |  -3.58 |   1.97 |    13 |     22 | SEQ13 | P022  |
|    2 |      2 |   4.07 |  -2.07 |  -3.55 |   1.92 |     5 |     26 | SEQ5  | P026  |
|    4 |      4 |   1.81 |   2.19 |   3.02 |  -2.11 |    18 |     21 | SEQ18 | P021  |
|    5 |      5 |   2.61 |   2.39 |   2.85 |   -.85 |    11 |     49 | SEQ11 | P049  |
|    4 |      4 |   1.96 |   2.04 |   2.66 |  -1.83 |     3 |     21 | SEQ3  | P021  |
|    3 |      3 |   4.37 |  -1.37 |  -2.43 |   2.81 |    14 |     39 | SEQ14 | P039  |
|    2 |      2 |   3.62 |  -1.62 |  -2.33 |    .76 |     2 |     16 | SEQ2  | P016  |
|    2 |      2 |   3.61 |  -1.61 |  -2.31 |    .74 |    14 |      2 | SEQ14 | P002  |
|    2 |      2 |   3.59 |  -1.59 |  -2.27 |    .71 |     4 |     36 | SEQ4  | P036  |
|    5 |      5 |   3.26 |   1.74 |   2.22 |    .11 |     6 |     36 | SEQ6  | P036  |
|    5 |      5 |   3.26 |   1.74 |   2.22 |    .11 |     1 |     22 | SEQ1  | P022  |
|    2 |      2 |   3.56 |  -1.56 |  -2.21 |    .66 |    10 |     43 | SEQ10 | P043  |
|    4 |      4 |   2.23 |   1.77 |   2.19 |  -1.41 |    11 |     25 | SEQ11 | P025  |
|    2 |      2 |   3.52 |  -1.52 |  -2.12 |    .58 |    13 |      1 | SEQ13 | P001  |
|    3 |      3 |   4.21 |  -1.21 |  -2.11 |   2.33 |    16 |      9 | SEQ16 | P009  |
|    5 |      5 |   3.43 |   1.57 |   2.11 |    .41 |     6 |     39 | SEQ6  | P039  |
|    5 |      5 |   3.43 |   1.57 |   2.11 |    .41 |     1 |     39 | SEQ1  | P039  |
|    5 |      5 |   3.43 |   1.57 |   2.11 |    .41 |     1 |     26 | SEQ1  | P026  |
|    5 |      5 |   3.44 |   1.56 |   2.10 |    .43 |    11 |     46 | SEQ11 | P046  |
|    1 |      1 |   2.75 |  -1.75 |  -2.08 |   -.65 |    17 |     46 | SEQ17 | P046  |
|    5 |      5 |   3.52 |   1.48 |   2.06 |    .57 |     4 |     48 | SEQ4  | P048  |
|    5 |      5 |   3.56 |   1.44 |   2.03 |    .64 |    17 |     22 | SEQ17 | P022  |
|    5 |      5 |   3.56 |   1.44 |   2.03 |    .65 |    14 |     12 | SEQ14 | P012  |
|    3 |      3 |   4.17 |  -1.17 |  -2.03 |   2.20 |    16 |     13 | SEQ16 | P013  |
|    5 |      5 |   3.63 |   1.37 |   1.99 |    .80 |    12 |     46 | SEQ12 | P046  |
|    5 |      5 |   3.69 |   1.31 |   1.95 |    .92 |    16 |     49 | SEQ16 | P049  |
|    2 |      2 |   3.44 |  -1.44 |  -1.95 |    .43 |    10 |     20 | SEQ10 | P020  |
|    5 |      5 |   3.71 |   1.29 |   1.94 |    .96 |    11 |     16 | SEQ11 | P016  |
|    2 |      2 |   3.43 |  -1.43 |  -1.93 |    .41 |     6 |     26 | SEQ6  | P026  |
|    5 |      5 |   3.73 |   1.27 |   1.93 |   1.01 |     4 |     39 | SEQ4  | P039  |
|    5 |      5 |   3.73 |   1.27 |   1.93 |   1.01 |     4 |     26 | SEQ4  | P026  |
|    2 |      2 |   3.43 |  -1.43 |  -1.92 |    .40 |     9 |     20 | SEQ9  | P020  |
|    2 |      2 |   3.42 |  -1.42 |  -1.90 |    .39 |    14 |      7 | SEQ14 | P007  |
|    5 |      5 |   3.77 |   1.23 |   1.89 |   1.12 |    18 |     47 | SEQ18 | P047  |
|    3 |      3 |   4.10 |  -1.10 |  -1.89 |   2.00 |    16 |     19 | SEQ16 | P019  |
|    5 |      5 |   3.79 |   1.21 |   1.88 |   1.16 |    10 |     48 | SEQ10 | P048  |
|    4 |      4 |   2.45 |   1.55 |   1.87 |  -1.08 |     6 |     44 | SEQ6  | P044  |
|    3 |      3 |   4.09 |  -1.09 |  -1.86 |   1.96 |    12 |      4 | SEQ12 | P004  |
|    3 |      3 |   4.08 |  -1.08 |  -1.85 |   1.94 |    18 |     39 | SEQ18 | P039  |
|    3 |      3 |   4.08 |  -1.08 |  -1.85 |   1.94 |    18 |     26 | SEQ18 | P026  |
|    2 |      2 |   3.39 |  -1.39 |  -1.84 |    .33 |     2 |     44 | SEQ2  | P044  |
|    2 |      2 |   3.39 |  -1.39 |  -1.84 |    .33 |     5 |     46 | SEQ5  | P046  |
|    2 |      2 |   3.39 |  -1.39 |  -1.84 |    .33 |    11 |      1 | SEQ11 | P001  |
|    1 |      1 |   2.54 |  -1.54 |  -1.84 |   -.95 |     5 |     49 | SEQ5  | P049  |
--------------------------------------------------------------------------------------
