TABLE 10.1 2026 SE Questionnaire (embedded fixed ZOU687WS.TXT  Mar 02 2026 13:09
INPUT: 49 PERSON  18 ITEM  REPORTED: 49 PERSON  18 ITEM  5 CATS WINSTEPS 5.10.0.0
---------------------------------------------------------------------------------
PERSON: REAL SEP.: 2.35  REL.: .85 ... ITEM: REAL SEP.: 4.61  REL.: .96
 
         ITEM STATISTICS:  MISFIT ORDER
 
-------------------------------------------------------------------------------------------
|ENTRY   TOTAL  TOTAL    JMLE   MODEL|   INFIT  |  OUTFIT  |PTMEASUR-AL|EXACT MATCH|      |
|NUMBER  SCORE  COUNT  MEASURE  S.E. |MNSQ  ZSTD|MNSQ  ZSTD|CORR.  EXP.| OBS%  EXP%| ITEM |
|------------------------------------+----------+----------+-----------+-----------+------|
|    11    170     49    -.06     .20|1.69  2.86|1.82  3.20|A .38   .58| 40.8  53.3| SEQ11|
|    12    179     49    -.44     .21|1.14   .69|1.25  1.14|B .37   .57| 55.1  56.8| SEQ12|
|     7    166     49     .09     .20|1.09   .48|1.23  1.11|C .61   .59| 51.0  51.7| SEQ7 |
|    13    176     49    -.31     .21|1.10   .55|1.22  1.01|D .47   .57| 57.1  56.1| SEQ13|
|    14    188     49    -.85     .22|1.19   .88|1.15   .71|E .58   .55| 51.0  59.1| SEQ14|
|     1    124     49    1.55     .18|1.00   .07|1.15   .82|F .56   .61| 55.1  45.6| SEQ1 |
|     5    164     48     .03     .20|1.05   .32|1.12   .63|G .60   .59| 47.9  52.5| SEQ5 |
|     3    175     49    -.27     .21|1.09   .48|1.01   .12|H .39   .57| 46.9  55.9| SEQ3 |
|    16    206     49   -1.83     .25|1.07   .39|1.01   .14|I .48   .50| 67.3  60.9| SEQ16|
|    18    168     49     .02     .20| .95  -.20|1.05   .32|i .49   .59| 59.2  52.6| SEQ18|
|    10    159     49     .36     .19| .93  -.30| .99   .01|h .68   .60| 40.8  49.8| SEQ10|
|     2    165     49     .13     .20| .87  -.59| .86  -.65|g .62   .59| 55.1  51.5| SEQ2 |
|     6    124     49    1.55     .18| .85  -.77| .87  -.67|f .64   .61| 57.1  45.6| SEQ6 |
|    15    217     49   -2.55     .27| .86  -.66| .84  -.75|e .42   .47| 65.3  63.1| SEQ15|
|     4    142     49     .95     .18| .77 -1.24| .84  -.83|d .74   .61| 61.2  46.5| SEQ4 |
|    17    140     49    1.02     .18| .81 -1.00| .81 -1.02|c .70   .61| 53.1  46.1| SEQ17|
|     9    155     48     .38     .19| .78 -1.12| .75 -1.29|b .74   .60| 50.0  48.9| SEQ9 |
|     8    162     49     .25     .19| .52 -2.86| .53 -2.74|a .85   .59| 67.3  51.2| SEQ8 |
|------------------------------------+----------+----------+-----------+-----------+------|
| MEAN   165.6   48.9     .00     .20| .99  -.11|1.03   .07|           | 54.5  52.6|      |
| P.SD    23.6     .3    1.00     .02| .23  1.15| .27  1.24|           |  7.6   5.1|      |
-------------------------------------------------------------------------------------------
 
TABLE 10.3 2026 SE Questionnaire (embedded fixed ZOU687WS.TXT  Mar 02 2026 13:09
INPUT: 49 PERSON  18 ITEM  REPORTED: 49 PERSON  18 ITEM  5 CATS WINSTEPS 5.10.0.0
---------------------------------------------------------------------------------
 
         ITEM CATEGORY/OPTION/DISTRACTOR FREQUENCIES:  MISFIT ORDER
 
----------------------------------------------------------------------------------
|ENTRY   DATA  SCORE |     DATA   |      ABILITY     S.E.  INFT OUTF PTMA |      |
|NUMBER  CODE  VALUE |  COUNT   % |    MEAN    P.SD  MEAN  MNSQ MNSQ CORR.| ITEM |
|--------------------+------------+---------------------------------------+------|
|   11 A 1         1 |      2   4 |    -.07     2.03 2.03  2.9  3.7  -.13 |SEQ11 | 1 Strongly disagree
|        2         2 |      6  12 |    -.27*     .33  .15   .9   .8  -.31 |      | 2 Disagree
|        3         3 |     14  29 |     .51      .78  .22  1.3  1.4  -.03 |      | 3 Neutral
|        4         4 |     21  43 |     .69      .78  .17  1.3  1.4   .12 |      | 4 Agree
|        5         5 |      6  12 |    1.23     1.39  .62  1.4  1.3   .25 |      | 5 Strongly agree
|                    |            |                                       |      |
|   12 B 1         1 |      1   2 |   -2.10      .00        .4   .4  -.38 |SEQ12 | 1 Strongly disagree
|        2         2 |      3   6 |    1.14      .96  .68  3.8  3.9   .15 |      | 2 Disagree
|        3         3 |     11  22 |     .09*     .83  .26  1.0  1.0  -.25 |      | 3 Neutral
|        4         4 |     31  63 |     .62*     .75  .14  1.2  1.1   .08 |      | 4 Agree
|        5         5 |      3   6 |    1.97     1.32  .93   .9   .8   .36 |      | 5 Strongly agree
|                    |            |                                       |      |
|    7 C 1         1 |      4   8 |    -.63     1.55  .90  1.6  2.2  -.35 |SEQ7  | 1 Strongly disagree
|        2         2 |      4   8 |    -.40      .28  .16   .7   .6  -.28 |      | 2 Disagree
|        3         3 |     12  24 |     .29      .72  .22   .8   .9  -.15 |      | 3 Neutral
|        4         4 |     27  55 |     .83      .61  .12   .9   .9   .30 |      | 4 Agree
|        5         5 |      2   4 |    2.78      .82  .82   .5   .5   .45 |      | 5 Strongly agree
|                    |            |                                       |      |
|   13 D 1         1 |      1   2 |   -2.10      .00        .4   .4  -.38 |SEQ13 | 1 Strongly disagree
|        2         2 |      5  10 |     .54     1.10  .55  2.4  2.8  -.01 |      | 2 Disagree
|        3         3 |     10  20 |     .00*     .77  .26   .8   .8  -.28 |      | 3 Neutral
|        4         4 |     30  61 |     .65      .71  .13  1.1  1.1   .12 |      | 4 Agree
|        5         5 |      3   6 |    2.40      .85  .60   .6   .6   .47 |      | 5 Strongly agree
|                    |            |                                       |      |
|   14 E 1         1 |      1   2 |   -2.10      .00        .5   .5  -.38 |SEQ14 | 1 Strongly disagree
|        2         2 |      2   4 |    -.29      .18  .18  1.5  1.3  -.17 |      | 2 Disagree
|        3         3 |     11  22 |     .23      .74  .24  1.2  1.2  -.18 |      | 3 Neutral
|        4         4 |     25  51 |     .48      .80  .16  1.3  1.1  -.07 |      | 4 Agree
|        5         5 |     10  20 |    1.54      .90  .30   .9   .9   .49 |      | 5 Strongly agree
|                    |            |                                       |      |
|    1 F 1         1 |      5  10 |    -.83      .66  .33   .6   .6  -.46 |SEQ1  | 1 Strongly disagree
|        2         2 |     22  45 |     .43     1.05  .23  1.6  2.1  -.11 |      | 2 Disagree
|        3         3 |     16  33 |     .77      .56  .14   .8   .7   .14 |      | 3 Neutral
|        4         4 |      3   6 |    1.40      .29  .21   .8   .8   .21 |      | 4 Agree
|        5         5 |      3   6 |    1.86      .14  .10  1.0  1.1   .33 |      | 5 Strongly agree
|                    |            |                                       |      |
|    5 G 1         1 |      2   4 |   -1.19      .28  .28   .7   .7  -.36 |SEQ5  | 1 Strongly disagree
|        2         2 |      7  15 |    -.29     1.16  .47  1.2  1.5  -.34 |      | 2 Disagree
|        3         3 |     11  23 |     .54      .77  .24  1.2  1.3  -.01 |      | 3 Neutral
|        4         4 |     25  52 |     .72      .62  .13  1.0  1.1   .17 |      | 4 Agree
|        5         5 |      3   6 |    2.40      .85  .60   .7   .7   .47 |      | 5 Strongly agree
|        MISSING *** |      1   2#|     .62      .00                  .01 |      |
|                    |            |                                       |      |
|    3 H 2         2 |      5  10 |    -.27      .16  .08  1.0   .9  -.28 |SEQ3  | 2 Disagree
|        3         3 |     13  27 |     .34      .81  .23  1.3  1.2  -.13 |      | 3 Neutral
|        4         4 |     29  59 |     .70     1.06  .20  1.9  1.9   .17 |      | 4 Agree
|        5         5 |      2   4 |    1.96      .00  .00   .7   .8   .29 |      | 5 Strongly agree
|                    |            |                                       |      |
|   16 I 3         3 |      7  14 |    -.21      .65  .27  1.1  1.0  -.31 |SEQ16 | 3 Neutral
|        4         4 |     25  51 |     .35      .78  .16  1.0   .8  -.21 |      | 4 Agree
|        5         5 |     17  35 |    1.17     1.09  .27  1.1  1.0   .45 |      | 5 Strongly agree
|                    |            |                                       |      |
|   18 i 1         1 |      1   2 |   -1.47      .00        .6   .6  -.29 |SEQ18 | 1 Strongly disagree
|        2         2 |      2   4 |    -.15      .32  .32  1.0   .9  -.14 |      | 2 Disagree
|        3         3 |     25  51 |     .38      .86  .18  1.1  1.2  -.18 |      | 3 Neutral
|        4         4 |     17  35 |     .69      .88  .22  1.7  1.9   .10 |      | 4 Agree
|        5         5 |      4   8 |    1.98      .95  .55   .8   .9   .42 |      | 5 Strongly agree
|                    |            |                                       |      |
|   10 h 1         1 |      2   4 |   -1.19      .28  .28   .6   .6  -.36 |SEQ10 | 1 Strongly disagree
|        2         2 |      9  18 |    -.22      .84  .30  1.0  1.0  -.36 |      | 2 Disagree
|        3         3 |     17  35 |     .43      .80  .20  1.0  1.1  -.09 |      | 3 Neutral
|        4         4 |     17  35 |     .91      .55  .14   .9   .9   .26 |      | 4 Agree
|        5         5 |      4   8 |    2.18      .83  .48   .8   .8   .48 |      | 5 Strongly agree
|                    |            |                                       |      |
|    2 g 2         2 |     11  22 |    -.32      .77  .24  1.0   .9  -.47 |SEQ2  | 2 Disagree
|        3         3 |     11  22 |     .14      .82  .26  1.0   .9  -.23 |      | 3 Neutral
|        4         4 |     25  51 |    1.02      .80  .16   .9   .9   .47 |      | 4 Agree
|        5         5 |      2   4 |    1.96      .00  .00   .8   .9   .29 |      | 5 Strongly agree
|                    |            |                                       |      |
|    6 f 1         1 |      7  14 |    -.84      .73  .30   .7   .6  -.57 |SEQ6  | 1 Strongly disagree
|        2         2 |     15  31 |     .45      .86  .23  1.5  1.5  -.07 |      | 2 Disagree
|        3         3 |     23  47 |     .82      .56  .12   .7   .7   .24 |      | 3 Neutral
|        4         4 |      2   4 |    2.03     1.56 1.56  1.3  1.0   .30 |      | 4 Agree
|        5         5 |      2   4 |    1.81*     .15  .15  1.0  1.1   .26 |      | 5 Strongly agree
|                    |            |                                       |      |
|   15 e 3         3 |      1   2 |    -.82      .00        .9   .7  -.20 |SEQ15 | 3 Neutral
|        4         4 |     26  53 |     .24      .84  .17  1.0   .9  -.34 |      | 4 Agree
|        5         5 |     22  45 |    1.00     1.01  .22  1.1  1.1   .40 |      | 5 Strongly agree
|                    |            |                                       |      |
|    4 d 1         1 |      4   8 |   -1.01      .69  .40   .7   .7  -.46 |SEQ4  | 1 Strongly disagree
|        2         2 |     13  27 |     .06      .76  .22  1.0  1.0  -.30 |      | 2 Disagree
|        3         3 |     19  39 |     .46      .55  .13   .6   .6  -.07 |      | 3 Neutral
|        4         4 |     10  20 |    1.63      .71  .24   .5   .5   .54 |      | 4 Agree
|        5         5 |      3   6 |    1.81      .21  .15  1.0  1.1   .32 |      | 5 Strongly agree
|                    |            |                                       |      |
|   17 c 1         1 |      4   8 |    -.71      .92  .53  1.0   .9  -.38 |SEQ17 | 1 Strongly disagree
|        2         2 |     15  31 |     .01      .76  .20   .9   .9  -.36 |      | 2 Disagree
|        3         3 |     15  31 |     .47      .61  .16   .8   .7  -.06 |      | 3 Neutral
|        4         4 |     14  29 |    1.52      .70  .19   .6   .6   .61 |      | 4 Agree
|        5         5 |      1   2 |    1.66      .00       1.0  1.1   .16 |      | 5 Strongly agree
|                    |            |                                       |      |
|    9 b 1         1 |      2   4 |   -1.19      .28  .28   .6   .6  -.36 |SEQ9  | 1 Strongly disagree
|        2         2 |     10  21 |    -.29      .75  .25   .9   .8  -.43 |      | 2 Disagree
|        3         3 |     13  27 |     .33      .66  .19   .7   .7  -.14 |      | 3 Neutral
|        4         4 |     21  44 |    1.06      .62  .14   .8   .8   .43 |      | 4 Agree
|        5         5 |      2   4 |    2.78      .82  .82   .6   .6   .45 |      | 5 Strongly agree
|        MISSING *** |      1   2#|     .49      .00                 -.01 |      |
|                    |            |                                       |      |
|    8 a 1         1 |      3   6 |   -1.49      .48  .34   .5   .5  -.52 |SEQ8  | 1 Strongly disagree
|        2         2 |      6  12 |    -.53      .23  .10   .4   .4  -.40 |      | 2 Disagree
|        3         3 |     15  31 |     .29      .59  .16   .5   .6  -.17 |      | 3 Neutral
|        4         4 |     23  47 |    1.09      .48  .10   .5   .6   .49 |      | 4 Agree
|        5         5 |      2   4 |    2.78      .82  .82   .6   .6   .45 |      | 5 Strongly agree
----------------------------------------------------------------------------------
 * Average ability does not ascend with category score
 # Missing % includes all categories. Scored % only of scored categories
 
TABLE 10.4 2026 SE Questionnaire (embedded fixed ZOU687WS.TXT  Mar 02 2026 13:09
INPUT: 49 PERSON  18 ITEM  REPORTED: 49 PERSON  18 ITEM  5 CATS WINSTEPS 5.10.0.0
---------------------------------------------------------------------------------
 
MOST MISFITTING RESPONSE STRINGS
         |PERSON
         |33232441 41  1422
OUTMNSQ  |49662836963122951  ITEM
      high-----------------
   1.82 A|..1......5....54. 11 SEQ11
   1.25 B|.2..2............ 12 SEQ12
   1.23 C|..1..............  7 SEQ7
   1.22 D|.2..2......2..... 13 SEQ13
   1.15 E|.3..........25... 14 SEQ14
   1.15 F|255.5............  1 SEQ1
   1.12 G|..2..............  5 SEQ5
   1.01 H|................4  3 SEQ3
   1.01 I|........3.3...... 16 SEQ16
   1.05 i|................4 18 SEQ18
    .99 h|......2.......... 10 SEQ10
    .86 g|.......2.........  2 SEQ2
    .87 f|.5.5.............  6 SEQ6
    .84 d|...2.5...........  4 SEQ4
    .81 c|....5....1....... 17 SEQ17
         |-----------------low
         |33232441941121422
         |49662836 63  2951
 
TABLE 10.5 2026 SE Questionnaire (embedded fixed ZOU687WS.TXT  Mar 02 2026 13:09
INPUT: 49 PERSON  18 ITEM  REPORTED: 49 PERSON  18 ITEM  5 CATS WINSTEPS 5.10.0.0
---------------------------------------------------------------------------------
 
MOST UNEXPECTED RESPONSES
         |PERSON
         |33232441 41  1422
MEASURE  |49662836963122951  ITEM
      high-----------------
  -1.83 I|........3.3...... 16 SEQ16
   -.85 E|.3..........25... 14 SEQ14
   -.44 B|.2..2............ 12 SEQ12
   -.31 D|.2..2......2..... 13 SEQ13
   -.27 H|................4  3 SEQ3
   -.06 A|..1......5....54. 11 SEQ11
    .02 i|................4 18 SEQ18
    .03 G|..2..............  5 SEQ5
    .09 C|..1..............  7 SEQ7
    .13 g|.......2.........  2 SEQ2
    .36 h|......2.......... 10 SEQ10
    .95 d|...2.5...........  4 SEQ4
   1.02 c|....5....1....... 17 SEQ17
   1.55 F|255.5............  1 SEQ1
   1.55 f|.5.5.............  6 SEQ6
         |-----------------low
         |33232441941121422
         |49662836 63  2951
 
TABLE 10.6 2026 SE Questionnaire (embedded fixed ZOU687WS.TXT  Mar 02 2026 13:09
INPUT: 49 PERSON  18 ITEM  REPORTED: 49 PERSON  18 ITEM  5 CATS WINSTEPS 5.10.0.0
---------------------------------------------------------------------------------
 
MOST UNEXPECTED RESPONSES
 
--------------------------------------------------------------------------------------
| DATA |OBSERVED|EXPECTED|RESIDUAL|ST. RES.|MEASDIFF| ITEM  | PERSON | ITEM  | PERSON|
|------+--------+--------+--------+--------+--------+-------+--------+-------+-------|
|    1 |      1 |   4.11 |  -3.11 |  -5.34 |   2.02 |    11 |     26 | SEQ11 | P026  |
|    1 |      1 |   4.05 |  -3.05 |  -5.20 |   1.86 |     7 |     26 | SEQ7  | P026  |
|    2 |      2 |   4.23 |  -2.23 |  -3.90 |   2.40 |    12 |     39 | SEQ12 | P039  |
|    2 |      2 |   4.19 |  -2.19 |  -3.81 |   2.27 |    13 |     39 | SEQ13 | P039  |
|    2 |      2 |   4.13 |  -2.13 |  -3.69 |   2.10 |    12 |     22 | SEQ12 | P022  |
|    2 |      2 |   4.12 |  -2.12 |  -3.65 |   2.05 |     1 |     34 | SEQ1  | P034  |
|    2 |      2 |   4.09 |  -2.09 |  -3.58 |   1.97 |    13 |     22 | SEQ13 | P022  |
|    2 |      2 |   4.07 |  -2.07 |  -3.55 |   1.92 |     5 |     26 | SEQ5  | P026  |
|    4 |      4 |   1.81 |   2.19 |   3.02 |  -2.11 |    18 |     21 | SEQ18 | P021  |
|    5 |      5 |   2.61 |   2.39 |   2.85 |   -.85 |    11 |     49 | SEQ11 | P049  |
|    4 |      4 |   1.96 |   2.04 |   2.66 |  -1.83 |     3 |     21 | SEQ3  | P021  |
|    3 |      3 |   4.37 |  -1.37 |  -2.43 |   2.81 |    14 |     39 | SEQ14 | P039  |
|    2 |      2 |   3.62 |  -1.62 |  -2.33 |    .76 |     2 |     16 | SEQ2  | P016  |
|    2 |      2 |   3.61 |  -1.61 |  -2.31 |    .74 |    14 |      2 | SEQ14 | P002  |
|    2 |      2 |   3.59 |  -1.59 |  -2.27 |    .71 |     4 |     36 | SEQ4  | P036  |
|    5 |      5 |   3.26 |   1.74 |   2.22 |    .11 |     6 |     36 | SEQ6  | P036  |
|    5 |      5 |   3.26 |   1.74 |   2.22 |    .11 |     1 |     22 | SEQ1  | P022  |
|    2 |      2 |   3.56 |  -1.56 |  -2.21 |    .66 |    10 |     43 | SEQ10 | P043  |
|    4 |      4 |   2.23 |   1.77 |   2.19 |  -1.41 |    11 |     25 | SEQ11 | P025  |
|    2 |      2 |   3.52 |  -1.52 |  -2.12 |    .58 |    13 |      1 | SEQ13 | P001  |
|    3 |      3 |   4.21 |  -1.21 |  -2.11 |   2.33 |    16 |      9 | SEQ16 | P009  |
|    5 |      5 |   3.43 |   1.57 |   2.11 |    .41 |     6 |     39 | SEQ6  | P039  |
|    5 |      5 |   3.43 |   1.57 |   2.11 |    .41 |     1 |     39 | SEQ1  | P039  |
|    5 |      5 |   3.43 |   1.57 |   2.11 |    .41 |     1 |     26 | SEQ1  | P026  |
|    5 |      5 |   3.44 |   1.56 |   2.10 |    .43 |    11 |     46 | SEQ11 | P046  |
|    1 |      1 |   2.75 |  -1.75 |  -2.08 |   -.65 |    17 |     46 | SEQ17 | P046  |
|    5 |      5 |   3.52 |   1.48 |   2.06 |    .57 |     4 |     48 | SEQ4  | P048  |
|    5 |      5 |   3.56 |   1.44 |   2.03 |    .64 |    17 |     22 | SEQ17 | P022  |
|    5 |      5 |   3.56 |   1.44 |   2.03 |    .65 |    14 |     12 | SEQ14 | P012  |
|    3 |      3 |   4.17 |  -1.17 |  -2.03 |   2.20 |    16 |     13 | SEQ16 | P013  |
|    5 |      5 |   3.63 |   1.37 |   1.99 |    .80 |    12 |     46 | SEQ12 | P046  |
|    5 |      5 |   3.69 |   1.31 |   1.95 |    .92 |    16 |     49 | SEQ16 | P049  |
|    2 |      2 |   3.44 |  -1.44 |  -1.95 |    .43 |    10 |     20 | SEQ10 | P020  |
|    5 |      5 |   3.71 |   1.29 |   1.94 |    .96 |    11 |     16 | SEQ11 | P016  |
|    2 |      2 |   3.43 |  -1.43 |  -1.93 |    .41 |     6 |     26 | SEQ6  | P026  |
|    5 |      5 |   3.73 |   1.27 |   1.93 |   1.01 |     4 |     39 | SEQ4  | P039  |
|    5 |      5 |   3.73 |   1.27 |   1.93 |   1.01 |     4 |     26 | SEQ4  | P026  |
|    2 |      2 |   3.43 |  -1.43 |  -1.92 |    .40 |     9 |     20 | SEQ9  | P020  |
|    2 |      2 |   3.42 |  -1.42 |  -1.90 |    .39 |    14 |      7 | SEQ14 | P007  |
|    5 |      5 |   3.77 |   1.23 |   1.89 |   1.12 |    18 |     47 | SEQ18 | P047  |
|    3 |      3 |   4.10 |  -1.10 |  -1.89 |   2.00 |    16 |     19 | SEQ16 | P019  |
|    5 |      5 |   3.79 |   1.21 |   1.88 |   1.16 |    10 |     48 | SEQ10 | P048  |
|    4 |      4 |   2.45 |   1.55 |   1.87 |  -1.08 |     6 |     44 | SEQ6  | P044  |
|    3 |      3 |   4.09 |  -1.09 |  -1.86 |   1.96 |    12 |      4 | SEQ12 | P004  |
|    3 |      3 |   4.08 |  -1.08 |  -1.85 |   1.94 |    18 |     39 | SEQ18 | P039  |
|    3 |      3 |   4.08 |  -1.08 |  -1.85 |   1.94 |    18 |     26 | SEQ18 | P026  |
|    2 |      2 |   3.39 |  -1.39 |  -1.84 |    .33 |     2 |     44 | SEQ2  | P044  |
|    2 |      2 |   3.39 |  -1.39 |  -1.84 |    .33 |     5 |     46 | SEQ5  | P046  |
|    2 |      2 |   3.39 |  -1.39 |  -1.84 |    .33 |    11 |      1 | SEQ11 | P001  |
|    1 |      1 |   2.54 |  -1.54 |  -1.84 |   -.95 |     5 |     49 | SEQ5  | P049  |
--------------------------------------------------------------------------------------
