TABLE 17.1 JASON QUESTIONNAIRE                   ZOU968WS.TXT  Mar 05 2026 15:59
INPUT: 247 PERSON  17 ITEM  REPORTED: 246 PERSON  17 ITEM  5 CATS WINSTEPS 5.10.0.0
-----------------------------------------------------------------------------------
PERSON: REAL SEP.: 1.25  REL.: .61 ... ITEM: REAL SEP.: 6.94  REL.: .98
 
         PERSON STATISTICS:  MEASURE ORDER
 
--------------------------------------------------------------------------------------------
|ENTRY   TOTAL  TOTAL    JMLE   MODEL|   INFIT  |  OUTFIT  |PTMEASUR-AL|EXACT MATCH|       |
|NUMBER  SCORE  COUNT  MEASURE  S.E. |MNSQ  ZSTD|MNSQ  ZSTD|CORR.  EXP.| OBS%  EXP%| PERSON|
|------------------------------------+----------+----------+-----------+-----------+-------|
|   154     78     17    2.70     .44|2.76  3.18|2.23  2.43|  .40   .28| 76.5  62.7| P154  |
|   123     77     17    2.51     .42|1.87  1.92|1.74  1.70|  .11   .30| 41.2  59.9| P123  |
|   143     77     17    2.51     .42|1.87  1.92|1.74  1.70|  .11   .30| 41.2  59.9| P143  |
|   152     73     17    1.91     .36|2.76  3.32|2.41  2.90|  .38   .34| 23.5  52.9| P152  |
|    59     70     17    1.55     .33|1.16   .53|1.24   .74|  .31   .36| 29.4  49.5| P059  |
|    17     68     17    1.33     .32|1.24   .74|1.19   .62|  .80   .38| 17.6  49.5| P017  |
|    40     68     17    1.33     .32|1.43  1.18|1.42  1.15|  .39   .38| 47.1  49.5| P040  |
|    84     68     17    1.33     .32| .91  -.14| .87  -.27|  .51   .38| 47.1  49.5| P084  |
|    20     67     17    1.23     .31|1.54  1.42|1.52  1.38|  .45   .39| 29.4  49.6| P020  |
|   189     67     17    1.23     .31|1.08   .34|1.04   .24|  .42   .39| 35.3  49.6| P189  |
|    29     66     17    1.14     .31| .84  -.37| .86  -.29|  .79   .39| 35.3  47.9| P029  |
|    30     66     17    1.14     .31|4.18  5.36|3.91  5.02|  .45   .39|   .0  47.9| P030  |
|   111     66     17    1.14     .31|1.12   .46|1.05   .26|  .63   .39| 41.2  47.9| P111  |
|   177     61     16    1.08     .31|1.12   .45|1.03   .19|  .69   .38| 43.8  47.9| P177  |
|    81     65     17    1.05     .30|1.11   .43|1.06   .27|  .54   .40| 41.2  47.1| P081  |
|   103     65     17    1.05     .30|1.13   .47|1.05   .27|  .39   .40| 47.1  47.1| P103  |
|   186     65     17    1.05     .30|1.23   .75|1.12   .46|  .65   .40| 52.9  47.1| P186  |
|   202     65     17    1.05     .30|1.39  1.12|1.39  1.12|  .57   .40| 23.5  47.1| P202  |
|   247     65     17    1.05     .30|1.39  1.12|1.39  1.12|  .57   .40| 23.5  47.1| P247  |
|    38     64     17     .96     .30| .79  -.57| .83  -.40|  .73   .40| 35.3  46.2| P038  |
|    49     64     17     .96     .30|1.13   .48|1.04   .22|  .37   .40| 47.1  46.2| P049  |
|    55     64     17     .96     .30|1.63  1.67|1.52  1.41|  .67   .40| 35.3  46.2| P055  |
|   115     64     17     .96     .30|1.07   .31|1.02   .17|  .47   .40| 47.1  46.2| P115  |
|   122     64     17     .96     .30| .54 -1.55| .46 -1.86|  .21   .40| 58.8  46.2| P122  |
|   210     64     17     .96     .30|2.21  2.78|1.97  2.33|  .74   .40| 29.4  46.2| P210  |
|     6     63     17     .87     .29|1.09   .37|1.16   .57|  .44   .41| 29.4  46.2| P006  |
|    10     63     17     .87     .29| .67 -1.02| .64 -1.10|  .44   .41| 52.9  46.2| P010  |
|   118     63     17     .87     .29| .68  -.98| .61 -1.21|  .77   .41| 70.6  46.2| P118  |
|   158     63     17     .87     .29|3.30  4.49|3.51  4.70|  .02   .41| 11.8  46.2| P158  |
|   179     63     17     .87     .29| .84  -.40| .78  -.57|  .75   .41| 47.1  46.2| P179  |
|   188     63     17     .87     .29| .85  -.37| .78  -.57|  .50   .41| 47.1  46.2| P188  |
|   215     63     17     .87     .29| .47 -1.86| .53 -1.58|  .80   .41| 52.9  46.2| P215  |
|   222     63     17     .87     .29| .80  -.53| .79  -.55|  .55   .41| 47.1  46.2| P222  |
|   239     63     17     .87     .29|1.69  1.83|1.70  1.81|  .32   .41| 23.5  46.2| P239  |
|    25     62     17     .79     .29|1.34  1.05|1.25   .79|  .30   .41| 41.2  46.0| P025  |
|    35     62     17     .79     .29| .95  -.04| .94  -.06|  .44   .41| 47.1  46.0| P035  |
|    61     62     17     .79     .29|1.08   .35|1.07   .32|  .46   .41| 47.1  46.0| P061  |
|   117     62     17     .79     .29|1.20   .67|1.19   .65|  .54   .41| 35.3  46.0| P117  |
|   150     62     17     .79     .29|1.44  1.30|1.40  1.17|  .22   .41| 29.4  46.0| P150  |
|   206     62     17     .79     .29| .77  -.64| .80  -.51|  .58   .41| 58.8  46.0| P206  |
|    23     61     17     .71     .28| .50 -1.81| .43 -2.09|  .49   .42| 47.1  44.8| P023  |
|    47     61     17     .71     .28|1.14   .51|1.26   .83|  .31   .42| 41.2  44.8| P047  |
|    50     61     17     .71     .28|1.03   .21| .98   .04|  .04   .42| 47.1  44.8| P050  |
|    54     61     17     .71     .28| .51 -1.74| .45 -2.01|  .48   .42| 70.6  44.8| P054  |
|    64     61     17     .71     .28| .87  -.30| .82  -.48|  .50   .42| 47.1  44.8| P064  |
|    67     61     17     .71     .28| .38 -2.46| .34 -2.62|  .51   .42| 58.8  44.8| P067  |
|    86     61     17     .71     .28|2.36  3.17|2.37  3.13|  .29   .42| 23.5  44.8| P086  |
|   105     61     17     .71     .28| .29 -3.00| .30 -2.91|  .76   .42| 70.6  44.8| P105  |
|   107     61     17     .71     .28| .65 -1.11| .69  -.96|  .82   .42| 52.9  44.8| P107  |
|   129     61     17     .71     .28| .93  -.12|1.01   .15|  .13   .42| 47.1  44.8| P129  |
|   133     61     17     .71     .28|2.13  2.76|2.06  2.57|  .27   .42| 35.3  44.8| P133  |
|   156     61     17     .71     .28| .67 -1.03| .69  -.95|  .40   .42| 47.1  44.8| P156  |
|   160     61     17     .71     .28|1.13   .50|1.10   .39|  .49   .42| 35.3  44.8| P160  |
|   169     61     17     .71     .28|1.29   .92|1.29   .91|  .61   .42| 41.2  44.8| P169  |
|   187     61     17     .71     .28|1.43  1.28|1.38  1.14|  .57   .42| 29.4  44.8| P187  |
|   197     61     17     .71     .28| .69  -.97| .65 -1.12|  .44   .42| 52.9  44.8| P197  |
|   207     61     17     .71     .28| .27 -3.15| .24 -3.28|  .66   .42| 82.4  44.8| P207  |
|   246     61     17     .71     .28|1.29   .92|1.29   .91|  .61   .42| 41.2  44.8| P246  |
|     2     60     17     .63     .28| .78  -.65| .71  -.88|  .44   .42| 47.1  43.6| P002  |
|     7     60     17     .63     .28| .69  -.98| .63 -1.21|  .41   .42| 52.9  43.6| P007  |
|    52     60     17     .63     .28| .70  -.94| .69  -.95|  .50   .42| 47.1  43.6| P052  |
|    73     60     17     .63     .28| .68 -1.02| .62 -1.23|  .40   .42| 52.9  43.6| P073  |
|   106     60     17     .63     .28| .76  -.71| .74  -.78|  .60   .42| 35.3  43.6| P106  |
|   138     60     17     .63     .28|1.86  2.26|1.76  2.01|  .59   .42| 35.3  43.6| P138  |
|   170     60     17     .63     .28| .88  -.29| .82  -.49|  .44   .42| 58.8  43.6| P170  |
|   200     60     17     .63     .28|1.10   .40|1.05   .26|  .60   .42| 35.3  43.6| P200  |
|   230     60     17     .63     .28|1.15   .55|1.14   .51|  .55   .42| 29.4  43.6| P230  |
|   244     60     17     .63     .28| .68 -1.01| .65 -1.11|  .56   .42| 41.2  43.6| P244  |
|   163     55     16     .55     .28| .45 -2.08| .44 -2.07|  .81   .41| 50.0  40.9| P163  |
|     1     59     17     .55     .28| .83  -.47| .80  -.55|  .26   .43| 41.2  41.6| P001  |
|    32     59     17     .55     .28| .84  -.43| .80  -.56|  .35   .43| 35.3  41.6| P032  |
|    37     59     17     .55     .28|2.25  3.04|2.26  3.00|  .11   .43| 17.6  41.6| P037  |
|    45     59     17     .55     .28|1.53  1.54|1.58  1.64|  .44   .43| 41.2  41.6| P045  |
|    56     59     17     .55     .28| .87  -.34| .86  -.33|  .67   .43| 23.5  41.6| P056  |
|    62     59     17     .55     .28|1.11   .44|1.12   .47|  .76   .43| 23.5  41.6| P062  |
|    69     59     17     .55     .28|1.28   .91|1.36  1.11|  .31   .43| 29.4  41.6| P069  |
|    71     59     17     .55     .28|1.42  1.28|1.42  1.26|  .62   .43| 47.1  41.6| P071  |
|    78     59     17     .55     .28| .41 -2.35| .36 -2.57|  .71   .43| 64.7  41.6| P078  |
|   127     59     17     .55     .28| .63 -1.22| .60 -1.35|  .55   .43| 47.1  41.6| P127  |
|   130     59     17     .55     .28|1.27   .88|1.33  1.02|  .83   .43| 11.8  41.6| P130  |
|   135     59     17     .55     .28| .62 -1.27| .62 -1.26|  .13   .43| 70.6  41.6| P135  |
|   137     59     17     .55     .28| .76  -.72| .76  -.72|  .67   .43| 47.1  41.6| P137  |
|   139     59     17     .55     .28| .48 -1.96| .43 -2.17|  .72   .43| 58.8  41.6| P139  |
|   142     59     17     .55     .28| .62 -1.27| .62 -1.26|  .13   .43| 70.6  41.6| P142  |
|   151     59     17     .55     .28| .80  -.57| .82  -.50|  .09   .43| 47.1  41.6| P151  |
|   164     59     17     .55     .28| .39 -2.45| .36 -2.57|  .62   .43| 70.6  41.6| P164  |
|   185     59     17     .55     .28| .99   .09|1.08   .36|  .33   .43| 41.2  41.6| P185  |
|   198     59     17     .55     .28|1.26   .87|1.27   .88|  .74   .43| 35.3  41.6| P198  |
|   205     59     17     .55     .28| .29 -3.12| .29 -3.04|  .62   .43| 64.7  41.6| P205  |
|   241     59     17     .55     .28|1.41  1.25|1.38  1.16|  .43   .43| 47.1  41.6| P241  |
|   242     59     17     .55     .28| .40 -2.41| .43 -2.19|  .61   .43| 52.9  41.6| P242  |
|     5     58     17     .47     .28|1.84  2.25|1.72  1.97|  .18   .43| 23.5  40.6| P005  |
|    19     58     17     .47     .28| .75  -.77| .79  -.61|  .14   .43| 58.8  40.6| P019  |
|    27     58     17     .47     .28|1.80  2.17|1.82  2.19|  .51   .43| 17.6  40.6| P027  |
|    51     58     17     .47     .28| .84  -.42| .89  -.25|  .45   .43| 52.9  40.6| P051  |
|    53     58     17     .47     .28|2.11  2.81|2.01  2.56|  .54   .43| 41.2  40.6| P053  |
|    60     58     17     .47     .28| .82  -.49| .84  -.43|  .77   .43| 35.3  40.6| P060  |
|   126     58     17     .47     .28| .72  -.87| .78  -.63|  .70   .43| 52.9  40.6| P126  |
|   128     58     17     .47     .28| .36 -2.63| .36 -2.60|  .50   .43| 52.9  40.6| P128  |
|   145     58     17     .47     .28| .78  -.67| .76  -.71|  .25   .43| 47.1  40.6| P145  |
|   147     58     17     .47     .28|2.06  2.72|2.00  2.55|  .23   .43| 29.4  40.6| P147  |
|   176     58     17     .47     .28| .80  -.59| .75  -.75|  .62   .43| 47.1  40.6| P176  |
|   196     58     17     .47     .28| .95  -.05| .87  -.32|  .37   .43| 41.2  40.6| P196  |
|   199     58     17     .47     .28| .73  -.85| .69  -.96|  .58   .43| 52.9  40.6| P199  |
|   243     58     17     .47     .28| .82  -.51| .82  -.51|  .62   .43| 47.1  40.6| P243  |
|    11     57     17     .40     .27| .94  -.09| .92  -.16|  .57   .44| 35.3  40.5| P011  |
|    31     57     17     .40     .27|1.16   .59|1.12   .47|  .38   .44| 17.6  40.5| P031  |
|    44     57     17     .40     .27| .76  -.73| .74  -.81|  .72   .44| 35.3  40.5| P044  |
|    48     57     17     .40     .27| .69 -1.01| .72  -.90|  .15   .44| 11.8  40.5| P048  |
|    57     57     17     .40     .27| .75  -.77| .73  -.84|  .41   .44| 29.4  40.5| P057  |
|    97     57     17     .40     .27| .25 -3.47| .27 -3.22|  .69   .44| 70.6  40.5| P097  |
|   116     57     17     .40     .27| .72  -.88| .71  -.90|  .56   .44| 52.9  40.5| P116  |
|   125     57     17     .40     .27| .65 -1.21| .66 -1.13|  .22   .44| 52.9  40.5| P125  |
|   134     57     17     .40     .27|1.03   .20|1.05   .26|  .48   .44| 29.4  40.5| P134  |
|   144     57     17     .40     .27| .65 -1.21| .66 -1.13|  .22   .44| 52.9  40.5| P144  |
|   224     57     17     .40     .27| .50 -1.91| .50 -1.87|  .28   .44| 47.1  40.5| P224  |
|   229     57     17     .40     .27| .48 -1.99| .53 -1.73|  .72   .44| 47.1  40.5| P229  |
|    46     53     16     .39     .28|1.25   .84|1.25   .82|  .43   .42| 25.0  39.6| P046  |
|    63     54     16     .38     .28| .33 -2.75| .34 -2.67|  .54   .43| 68.8  40.9| P063  |
|     3     56     17     .32     .27| .77  -.73| .78  -.67|  .59   .44| 58.8  40.5| P003  |
|     9     56     17     .32     .27| .69 -1.04| .76  -.71| -.08   .44| 47.1  40.5| P009  |
|    12     56     17     .32     .27| .89  -.27| .86  -.38|  .59   .44| 29.4  40.5| P012  |
|    13     56     17     .32     .27| .50 -1.90| .49 -1.92|  .63   .44| 41.2  40.5| P013  |
|    14     56     17     .32     .27| .61 -1.36| .57 -1.53|  .54   .44| 41.2  40.5| P014  |
|    26     56     17     .32     .27| .83  -.47| .82  -.50|  .44   .44| 47.1  40.5| P026  |
|    43     56     17     .32     .27| .85  -.41| .79  -.62|  .52   .44| 41.2  40.5| P043  |
|    77     56     17     .32     .27| .28 -3.28| .30 -3.08|  .44   .44| 64.7  40.5| P077  |
|    91     56     17     .32     .27| .98   .03|1.04   .22|  .47   .44| 41.2  40.5| P091  |
|    94     56     17     .32     .27| .66 -1.17| .62 -1.30|  .36   .44| 29.4  40.5| P094  |
|    96     56     17     .32     .27| .29 -3.21| .29 -3.16|  .45   .44| 64.7  40.5| P096  |
|   159     56     17     .32     .27|1.41  1.30|1.41  1.26|  .35   .44| 41.2  40.5| P159  |
|   173     56     17     .32     .27| .50 -1.92| .46 -2.07|  .65   .44| 70.6  40.5| P173  |
|   175     56     17     .32     .27|1.16   .60|1.10   .42|  .08   .44| 41.2  40.5| P175  |
|   211     56     17     .32     .27| .44 -2.25| .40 -2.41|  .63   .44| 76.5  40.5| P211  |
|   223     56     17     .32     .27| .40 -2.47| .38 -2.51|  .75   .44| 52.9  40.5| P223  |
|   237     56     17     .32     .27|1.26   .87|1.27   .91|  .46   .44| 23.5  40.5| P237  |
|    15     55     17     .25     .27|1.05   .26|1.03   .20|  .77   .44| 23.5  39.5| P015  |
|    34     55     17     .25     .27|1.03   .21|1.04   .23|  .71   .44| 29.4  39.5| P034  |
|    72     55     17     .25     .27| .83  -.47| .83  -.49|  .10   .44| 47.1  39.5| P072  |
|    74     55     17     .25     .27|1.43  1.34|1.51  1.52|  .38   .44| 29.4  39.5| P074  |
|    83     55     17     .25     .27| .83  -.51| .85  -.41|  .38   .44| 41.2  39.5| P083  |
|    88     55     17     .25     .27| .59 -1.46| .61 -1.36|  .51   .44| 58.8  39.5| P088  |
|    89     55     17     .25     .27| .50 -1.94| .50 -1.91|  .37   .44| 52.9  39.5| P089  |
|    92     55     17     .25     .27|1.21   .75|1.25   .84|  .55   .44| 47.1  39.5| P092  |
|    99     55     17     .25     .27| .63 -1.28| .63 -1.26|  .48   .44| 41.2  39.5| P099  |
|   101     55     17     .25     .27| .69 -1.05| .74  -.83|  .26   .44| 58.8  39.5| P101  |
|   146     55     17     .25     .27|1.07   .32|1.04   .22|  .58   .44| 41.2  39.5| P146  |
|   148     55     17     .25     .27| .48 -2.02| .49 -1.95|  .83   .44| 52.9  39.5| P148  |
|   162     55     17     .25     .27| .72  -.90| .70 -1.00|  .25   .44| 52.9  39.5| P162  |
|   181     55     17     .25     .27| .31 -3.06| .31 -3.05|  .63   .44| 64.7  39.5| P181  |
|   208     55     17     .25     .27| .74  -.82| .80  -.58| -.23   .44| 47.1  39.5| P208  |
|   214     55     17     .25     .27|1.15   .58|1.12   .46|  .61   .44| 35.3  39.5| P214  |
|   233     55     17     .25     .27|3.61  5.34|3.63  5.30|  .18   .44|   .0  39.5| P233  |
|   174     51     16     .21     .28| .74  -.80| .72  -.87|  .35   .45| 43.8  40.0| P174  |
|    16     54     17     .18     .27| .69 -1.05| .69 -1.04|  .23   .44| 52.9  39.4| P016  |
|    39     54     17     .18     .27|1.81  2.25|1.91  2.45| -.20   .44| 11.8  39.4| P039  |
|    65     54     17     .18     .27| .72  -.94| .69 -1.05|  .57   .44| 35.3  39.4| P065  |
|    68     54     17     .18     .27| .57 -1.60| .55 -1.66|  .50   .44| 47.1  39.4| P068  |
|    82     54     17     .18     .27|1.56  1.67|1.53  1.58|  .14   .44| 23.5  39.4| P082  |
|   108     54     17     .18     .27|1.19   .69|1.24   .82| -.04   .44| 47.1  39.4| P108  |
|   119     54     17     .18     .27| .44 -2.27| .42 -2.34|  .74   .44| 47.1  39.4| P119  |
|   124     54     17     .18     .27|1.18   .66|1.17   .63|  .34   .44| 35.3  39.4| P124  |
|   149     54     17     .18     .27| .50 -1.93| .47 -2.05|  .77   .44| 47.1  39.4| P149  |
|   183     54     17     .18     .27| .59 -1.47| .63 -1.27|  .34   .44| 64.7  39.4| P183  |
|   184     54     17     .18     .27| .85  -.43| .83  -.50|  .55   .44| 41.2  39.4| P184  |
|   191     54     17     .18     .27| .68 -1.08| .69 -1.01|  .38   .44| 64.7  39.4| P191  |
|   203     54     17     .18     .27|1.12   .49|1.10   .42|  .75   .44| 41.2  39.4| P203  |
|   213     54     17     .18     .27| .35 -2.83| .34 -2.87|  .67   .44| 70.6  39.4| P213  |
|   235     54     17     .18     .27|2.29  3.24|2.22  3.08|  .66   .44| 23.5  39.4| P235  |
|   245     54     17     .18     .27| .53 -1.78| .52 -1.80|  .54   .44| 52.9  39.4| P245  |
|   220     51     16     .15     .28|1.15   .57|1.08   .36|  .54   .44| 43.8  39.8| P220  |
|    22     53     17     .10     .27|1.28   .94|1.30   .99|  .70   .44| 47.1  38.3| P022  |
|    33     53     17     .10     .27| .94  -.10| .93  -.13|  .42   .44| 35.3  38.3| P033  |
|    58     53     17     .10     .27| .78  -.67| .76  -.77|  .47   .44| 47.1  38.3| P058  |
|    70     53     17     .10     .27|1.81  2.27|1.80  2.23|  .64   .44| 17.6  38.3| P070  |
|    75     53     17     .10     .27| .91  -.21| .88  -.31|  .55   .44| 41.2  38.3| P075  |
|    76     53     17     .10     .27|1.23   .80|1.24   .82|  .14   .44| 41.2  38.3| P076  |
|    90     53     17     .10     .27| .70  -.99| .67 -1.12|  .43   .44| 64.7  38.3| P090  |
|   100     53     17     .10     .27| .25 -3.58| .24 -3.61|  .84   .44| 70.6  38.3| P100  |
|   112     53     17     .10     .27| .62 -1.38| .61 -1.41|  .62   .44| 41.2  38.3| P112  |
|   120     53     17     .10     .27|2.33  3.34|2.38  3.39|  .44   .44|  5.9  38.3| P120  |
|   131     53     17     .10     .27|1.22   .78|1.19   .70|  .47   .44| 29.4  38.3| P131  |
|   153     53     17     .10     .27| .73  -.87| .73  -.88|  .26   .44| 47.1  38.3| P153  |
|   161     53     17     .10     .27|2.49  3.63|2.58  3.74| -.18   .44| 17.6  38.3| P161  |
|   167     53     17     .10     .27| .51 -1.92| .52 -1.81| -.36   .44| 58.8  38.3| P167  |
|   182     53     17     .10     .27| .89  -.30| .83  -.47|  .66   .44| 47.1  38.3| P182  |
|   192     53     17     .10     .27| .46 -2.18| .44 -2.23|  .48   .44| 58.8  38.3| P192  |
|   195     53     17     .10     .27| .76  -.76| .74  -.85|  .48   .44| 23.5  38.3| P195  |
|   201     53     17     .10     .27| .56 -1.64| .54 -1.73|  .48   .44| 58.8  38.3| P201  |
|   212     53     17     .10     .27|1.36  1.16|1.38  1.23|  .37   .44|  5.9  38.3| P212  |
|   227     53     17     .10     .27| .98   .04| .94  -.09|  .58   .44| 58.8  38.3| P227  |
|   228     53     17     .10     .27| .51 -1.91| .55 -1.69|  .52   .44| 52.9  38.3| P228  |
|   236     53     17     .10     .27|1.12   .49|1.08   .36|  .64   .44| 35.3  38.3| P236  |
|    41     52     17     .03     .27| .76  -.79| .73  -.89|  .54   .45| 35.3  38.8| P041  |
|    42     52     17     .03     .27|1.01   .12|1.02   .15|  .02   .45| 29.4  38.8| P042  |
|    80     52     17     .03     .27| .36 -2.75| .35 -2.79|  .75   .45| 58.8  38.8| P080  |
|   121     52     17     .03     .27| .35 -2.83| .34 -2.85|  .67   .45| 76.5  38.8| P121  |
|   157     52     17     .03     .27| .55 -1.72| .56 -1.63|  .43   .45| 52.9  38.8| P157  |
|   180     52     17     .03     .27|1.56  1.70|1.56  1.69|  .04   .45| 29.4  38.8| P180  |
|   234     52     17     .03     .27| .58 -1.57| .64 -1.27| -.26   .45| 70.6  38.8| P234  |
|   172     48     16    -.02     .28|2.08  2.77|2.05  2.69| -.10   .46| 37.5  39.8| P172  |
|     8     51     17    -.04     .27| .78  -.68| .77  -.73|  .75   .45| 35.3  39.4| P008  |
|    28     51     17    -.04     .27|1.87  2.42|1.96  2.59|  .26   .45| 29.4  39.4| P028  |
|    87     51     17    -.04     .27|1.47  1.48|1.53  1.60|  .37   .45| 35.3  39.4| P087  |
|    93     51     17    -.04     .27| .25 -3.60| .27 -3.39|  .00   .45| 58.8  39.4| P093  |
|    98     51     17    -.04     .27| .25 -3.60| .27 -3.39|  .00   .45| 58.8  39.4| P098  |
|   114     51     17    -.04     .27|1.01   .14| .98   .03|  .72   .45| 35.3  39.4| P114  |
|   141     51     17    -.04     .27| .25 -3.60| .27 -3.39|  .00   .45| 58.8  39.4| P141  |
|   168     51     17    -.04     .27| .60 -1.47| .57 -1.58|  .65   .45| 35.3  39.4| P168  |
|   194     51     17    -.04     .27| .70 -1.00| .69 -1.04|  .64   .45| 41.2  39.4| P194  |
|   216     51     17    -.04     .27| .25 -3.60| .27 -3.39|  .00   .45| 58.8  39.4| P216  |
|   178     44     15    -.07     .28| .97   .00| .96   .00| -.01   .44| 26.7  38.9| P178  |
|    21     50     17    -.11     .27| .61 -1.41| .59 -1.49|  .58   .45| 52.9  39.0| P021  |
|    24     50     17    -.11     .27| .47 -2.12| .45 -2.19|  .73   .45| 58.8  39.0| P024  |
|   104     50     17    -.11     .27| .84  -.48| .81  -.58|  .65   .45| 29.4  39.0| P104  |
|   136     50     17    -.11     .27|1.43  1.37|1.43  1.37|  .15   .45| 29.4  39.0| P136  |
|   165     50     17    -.11     .27|1.00   .11|1.06   .28|  .02   .45| 52.9  39.0| P165  |
|   193     50     17    -.11     .27|1.08   .35|1.07   .32|  .23   .45| 29.4  39.0| P193  |
|   204     50     17    -.11     .27| .51 -1.89| .50 -1.95|  .58   .45| 41.2  39.0| P204  |
|   238     50     17    -.11     .27| .64 -1.30| .61 -1.40|  .56   .45| 52.9  39.0| P238  |
|   232     46     16    -.16     .28| .69 -1.00| .67 -1.08|  .47   .45| 37.5  38.4| P232  |
|    79     49     17    -.18     .27|1.00   .12| .98   .03|  .10   .45| 41.2  38.9| P079  |
|   218     49     17    -.18     .27|1.58  1.74|1.72  2.06|  .26   .45| 23.5  38.9| P218  |
|    36     48     17    -.25     .27| .97   .00| .99   .08|  .31   .45| 52.9  38.9| P036  |
|    85     48     17    -.25     .27| .71  -.97| .73  -.89|  .32   .45| 35.3  38.9| P085  |
|   226     48     17    -.25     .27|1.62  1.84|1.55  1.66|  .09   .45| 41.2  38.9| P226  |
|   240     48     17    -.25     .27|1.45  1.43|1.54  1.63| -.18   .45| 41.2  38.9| P240  |
|    95     47     17    -.32     .27|1.35  1.15|1.35  1.13|  .23   .45| 29.4  37.3| P095  |
|   166     47     17    -.32     .27| .42 -2.43| .40 -2.50|  .79   .45| 64.7  37.3| P166  |
|     4     46     17    -.39     .27|2.71  4.01|2.69  3.94| -.11   .44|   .0  37.4| P004  |
|    66     46     17    -.39     .27|1.21   .74|1.33  1.08|  .35   .44| 23.5  37.4| P066  |
|   110     46     17    -.39     .27|1.23   .80|1.15   .57|  .37   .44| 47.1  37.4| P110  |
|   140     46     17    -.39     .27| .51 -1.90| .49 -1.95|  .39   .44| 52.9  37.4| P140  |
|   102     45     17    -.47     .27|2.19  3.05|2.19  3.01| -.04   .44| 17.6  38.2| P102  |
|   109     45     17    -.47     .27|1.39  1.24|1.37  1.19|  .25   .44| 35.3  38.2| P109  |
|   155     45     17    -.47     .27| .85  -.42| .84  -.44|  .39   .44| 29.4  38.2| P155  |
|   190     45     17    -.47     .27|1.83  2.31|1.79  2.19|  .43   .44| 35.3  38.2| P190  |
|   231     45     17    -.47     .27| .79  -.63| .77  -.71|  .57   .44| 64.7  38.2| P231  |
|   217     44     17    -.54     .27|1.98  2.62|1.97  2.56|  .39   .44| 11.8  39.1| P217  |
|   219     44     17    -.54     .27| .73  -.88| .70  -.98|  .55   .44| 52.9  39.1| P219  |
|   225     44     17    -.54     .27|1.47  1.45|1.46  1.39|  .67   .44| 17.6  39.1| P225  |
|    18     42     17    -.69     .28|1.79  2.17|1.91  2.40|  .21   .43| 47.1  41.8| P018  |
|   132     42     17    -.69     .28| .69 -1.01| .68 -1.02|  .48   .43| 52.9  41.8| P132  |
|   209     42     17    -.69     .28| .84  -.45| .81  -.54| -.16   .43| 41.2  41.8| P209  |
|   171     41     17    -.77     .28| .64 -1.20| .64 -1.18| -.16   .43| 35.3  42.9| P171  |
|   221     36     17   -1.17     .30|2.17  2.76|2.39  3.10|  .06   .40| 11.8  44.3| P221  |
|------------------------------------+----------+----------+-----------+-----------+-------|
| MEAN    56.2   17.0     .37     .28|1.02  -.16|1.01  -.18|           | 42.7  41.7|       |
| P.SD     6.3     .2     .50     .02| .60  1.70| .59  1.67|           | 15.5   3.7|       |
--------------------------------------------------------------------------------------------
